# Single SKU Max Power Table
# |CCK 1~11 | |    OFDM 6 ~ 54      | |             HT20 MCS 0 ~ 15                 | |             HT40 MCS 0 ~ 15                 |
ch1 23 23 23 23 21 21 21 21 21 21 20 20 16 16 16 16 16 16 16 16 16 16 16 16 16 16 16 16 
ch2 23 23 23 23 22 22 22 22 22 22 20 20 17 17 17 17 17 17 17 17 17 17 17 17 17 17 17 17 
ch3 23 23 23 23 22 22 22 22 22 22 20 20 17 17 17 17 17 17 17 17 17 17 17 17 17 17 17 17 17 17 17 17 17 17 17 17 17 17 17 17 17 17 17 17
ch4 23 23 23 23 22 22 22 22 22 22 20 20 17 17 17 17 17 17 17 17 17 17 17 17 17 17 17 17 17 17 17 17 17 17 17 17 17 17 17 17 17 17 17 17
ch5 23 23 23 23 22 22 22 22 22 22 20 20 17 17 17 17 17 17 17 17 17 17 17 17 17 17 17 17 17 17 17 17 17 17 17 17 17 17 17 17 17 17 17 17
ch6 23 23 23 23 22 22 22 22 22 22 20 20 17 17 17 17 17 17 17 17 17 17 17 17 17 17 17 17 17 17 17 17 17 17 17 17 17 17 17 17 17 17 17 17
ch7 23 23 23 23 22 22 22 22 22 22 20 20 17 17 17 17 17 17 17 17 17 17 17 17 17 17 17 17 17 17 17 17 17 17 17 17 17 17 17 17 17 17 17 17
ch8 23 23 23 23 22 22 22 22 22 22 20 20 17 17 17 17 17 17 17 17 17 17 17 17 17 17 17 17 17 17 17 17 17 17 17 17 17 17 17 17 17 17 17 17
ch9 23 23 23 23 22 22 22 22 22 22 20 20 17 17 17 17 17 17 17 17 17 17 17 17 17 17 17 17 17 17 17 17 17 17 17 17 17 17 17 17 17 17 17 17
ch10 23 23 23 23 22 22 22 22 22 22 20 20 17 17 17 17 17 17 17 17 17 17 17 17 17 17 17 17 17 17 17 17 17 17 17 17 17 17 17 17 17 17 17 17
ch11 23 23 23 23 19 19 19 19 19 19 19 19 17 17 17 17 17 17 17 17 17 17 17 17 17 17 17 17 17 17 17 17 17 17 17 17 17 17 17 17 17 17 17 17
ch12 23 23 23 23 19 19 19 19 19 19 19 19 17 17 17 17 17 17 17 17 17 17 17 17 17 17 17 17
ch13 23 23 23 23 19 19 19 19 19 19 19 19 17 17 17 17 17 17 17 17 17 17 17 17 17 17 17 17
ch14 23 23 23 23
# End of Single SKU Table